PEER STRONG MOTION DATABASE RECORD. PROCESSING BY PACIFIC ENGINEERING.
TABAS, IRAN 09/16/78   :  , DAYHOOK,  TR
ACCELERATION TIME HISTORY IN UNITS OF G. FILTER POINTS: HP=0.1 Hz LP=unknown
NPTS=  1192, DT= .02000 SEC
  -.2501891E-02  -.5210026E-02  -.8622060E-02  -.3945187E-02  -.4247880E-02
  -.9072428E-02  -.3514432E-02   .6046742E-03  -.8849645E-02  -.1278162E-01
   .6547256E-02   .1241265E-01  -.1052354E-01  -.1569117E-01  -.9622932E-03
   .5757595E-02  -.1970015E-02  -.1170055E-01  -.4521339E-02   .2019360E-02
  -.2920734E-02  -.4561413E-02   .2679128E-03   .4490144E-02  -.3713498E-02
  -.7018155E-02   .6283813E-02   .8756751E-02  -.5080853E-02  -.7829784E-02
   .4877247E-02   .6693120E-02   .2624329E-02   .5447751E-02  -.7559688E-03
  -.1036752E-01  -.5552933E-02   .8093604E-02   .1150477E-01  -.4876071E-02
  -.1785159E-01   .8530049E-03   .2396399E-01   .1303246E-01  -.5749624E-02
  -.4284137E-02  -.2872789E-03   .1357757E-02   .1013822E-01   .2085355E-01
   .1464199E-01  -.8382898E-02  -.1190420E-01   .8223033E-02   .1656238E-01
   .1283036E-02  -.1926928E-01  -.2621495E-01  -.1252071E-01   .5997756E-02
   .8623699E-02   .4773550E-02  -.9035771E-02   .1500247E-01   .5029144E-01
   .1102110E-01  -.9562309E-02   .1147291E-01   .2128705E-01   .2504296E-01
   .2712982E-01   .1987048E-01  -.1745936E-01  -.4845088E-01  -.2736359E-01
   .2957299E-01   .6810104E-01   .4388975E-01  -.3272397E-01  -.7287891E-01
  -.9206013E-02   .6187190E-01   .2419733E-01  -.4262697E-01  -.3718228E-01
  -.4705486E-03   .2201581E-01   .3512976E-01   .4805572E-01   .6104125E-01
   .5466869E-01   .2594087E-01   .2216102E-02   .5362736E-02   .2045491E-01
  -.1520479E-01  -.8361669E-01  -.8392237E-01  -.2738074E-02   .1004100E+00
   .9077424E-01  -.5245410E-01  -.1044499E+00  -.3138255E-02   .7397568E-01
   .4670140E-01  -.1521942E-01  -.2923556E-01   .2088887E-01   .6171343E-01
   .4007791E-01  -.1987043E-01  -.6630572E-01  -.5603680E-01  -.1437741E-01
   .1603088E-01   .1304348E-01  -.9059278E-02  -.2007950E-01  -.2229192E-01
  -.2118985E-01  -.1878702E-01  -.1075708E-01  -.9208302E-03   .6135355E-02
   .1855863E-01   .3064050E-01   .1239920E-01  -.4226784E-01  -.7453210E-01
  -.4973564E-01   .2721012E-02   .2602682E-01  -.1104479E-01  -.5419633E-01
  -.7057707E-01  -.7453252E-01  -.5917033E-01  -.3739122E-01  -.2512315E-01
  -.2172040E-01  -.2754549E-01  -.2913226E-01  -.3730000E-01  -.7111467E-01
  -.8782121E-01  -.4940137E-01   .1847999E-01   .6262864E-01   .4629521E-01
   .1921019E-01   .3763825E-01   .7493874E-01   .8248304E-01   .5742479E-01
   .5191211E-01   .8932127E-01   .1301474E+00   .1217278E+00   .7727643E-01
   .5330466E-01   .5972438E-01   .6464879E-01   .6410019E-01   .7438775E-01
   .7700686E-01   .4420544E-01  -.1051827E-01  -.4124152E-01  -.5200592E-01
  -.7566380E-01  -.8746972E-01  -.8149565E-01  -.1042809E+00  -.1189997E+00
  -.7740582E-01  -.1729206E-01   .3465670E-01   .5327034E-01   .2480113E-01
  -.3617488E-01  -.9067695E-01  -.8966914E-01  -.6530926E-01  -.8341498E-01
  -.1288265E+00  -.1343799E+00  -.8548676E-01  -.3652027E-01  -.4771316E-01
  -.8921923E-01  -.6669624E-01  -.5901658E-03   .3325866E-01   .3592528E-01
   .4537559E-01   .6017222E-01   .3407339E-01   .4107625E-02   .2760486E-01
   .8457022E-01   .1070533E+00   .1331784E-01  -.9473838E-01  -.9085370E-01
  -.3219927E-01   .2185319E-01   .2472717E-01  -.9066404E-02  -.8148900E-02
  -.8143258E-02  -.5762230E-01  -.9933780E-01  -.7662583E-01   .9847260E-02
   .9832361E-01   .1407484E+00   .1562062E+00   .1474981E+00   .7137909E-01
  -.4196568E-01  -.8834494E-01  -.8058358E-01  -.9007217E-01  -.1203084E+00
  -.1526148E+00  -.1678720E+00  -.1454203E+00  -.1275678E+00  -.1471643E+00
  -.5833011E-01   .1139093E+00   .9850725E-01   .2217006E-01   .9937804E-01
   .2377281E+00   .3629907E+00   .4061435E+00   .3040242E+00   .1431571E+00
   .8496263E-01   .1253791E+00   .1068006E+00   .2542327E-01  -.5538604E-01
  -.1268743E+00  -.1524544E+00  -.1687411E+00  -.1852524E+00  -.2299967E+00
  -.2558521E+00  -.1802737E+00  -.4108280E-01   .1685219E+00   .2681864E+00
   .2116893E+00   .1471438E+00   .9050409E-01   .8899643E-01   .1132471E+00
   .1205983E+00   .4728710E-01   .8135744E-01   .1761394E+00   .3129015E-01
  -.2167976E-01   .7296287E-01   .6111845E-01  -.3119387E-01  -.1087147E+00
  -.8133854E-01   .3296666E-01   .1106523E+00   .6422247E-01  -.2872176E-01
  -.1150291E+00  -.1635727E+00  -.1122617E+00  -.3107800E-01  -.1789609E-01
  -.6572451E-01  -.9176629E-01  -.6827062E-01  -.4336281E-01  -.1020968E-01
  -.4456504E-02  -.5606965E-01  -.8516818E-01  -.6752332E-01  -.1069107E-01
   .5931858E-01   .1167526E+00   .1450497E+00   .5544202E-01  -.8032576E-01
  -.1247253E+00  -.8229122E-01   .2454513E-01   .8149417E-01   .6388112E-01
   .4546651E-01   .1311931E-01   .3721648E-02  -.8158042E-02  -.3823373E-01
  -.3601250E-01  -.5625976E-01  -.6860497E-01  -.1342335E-01   .2669012E-01
   .4559885E-01   .1635853E-01  -.6901957E-01  -.1153655E+00  -.1063059E+00
  -.1794318E-01   .3899925E-01  -.1205865E-01  -.4214427E-01  -.4586406E-02
   .1416471E-01   .1446426E-01   .3626073E-01   .6043369E-02  -.5223321E-01
  -.7066348E-01  -.6501482E-01  -.3966938E-01   .8386370E-02  -.1452431E-02
  -.6466204E-01  -.8762985E-01  -.6645619E-01  -.4631234E-01  -.5568746E-01
  -.8859930E-01  -.1249465E+00  -.1134465E+00  -.5789450E-01  -.9169283E-03
   .1962154E-01  -.3818720E-01  -.2955398E-01   .1937063E-01  -.2273564E-01
   .4832522E-01   .1394245E+00   .2019017E+00   .2922071E+00   .3209475E+00
   .3362263E+00   .1744194E+00   .6744782E-01   .1021263E+00  -.2855956E-02
  -.6471737E-01  -.2125754E-01   .4178744E-01   .7124636E-02  -.7810761E-01
  -.3951358E-01   .3316129E-01   .8467234E-01   .8034003E-01  -.2902069E-01
  -.9660860E-01  -.4029009E-01  -.2203550E-02  -.1886099E-01  -.5098397E-01
  -.9221447E-01  -.6941462E-01  -.4359367E-01  -.2258808E-01   .4947754E-01
   .4166900E-01  -.5161542E-01  -.1003437E+00  -.1038215E+00  -.7184366E-01
  -.3628461E-01  -.3734175E-01   .4991137E-01   .1410350E+00   .1114365E+00
   .1029271E+00   .8340984E-01   .3029816E-01   .2138563E-01  -.2594873E-01
  -.6604770E-01  -.8137978E-01  -.1039607E+00  -.1045535E+00  -.1082420E+00
  -.6585167E-01   .1116309E-01   .7340516E-01   .7979904E-01  -.3026147E-01
  -.1256567E+00  -.1416934E+00  -.1483003E+00  -.1510337E+00  -.1264139E+00
  -.7606129E-01  -.6022629E-01  -.1341657E-01   .3838252E-01   .3767930E-01
   .2075353E-01   .7634595E-02   .1276000E-01  -.2278171E-01  -.4339562E-01
   .3587065E-02   .8246397E-01   .1236969E+00   .8691814E-01   .6603510E-01
   .4344132E-01   .3191299E-02   .7848749E-02   .2846378E-01   .5140730E-01
   .9865845E-01   .1027050E+00   .3103195E-01  -.4232455E-01  -.7981502E-01
  -.4506334E-01   .3181165E-01   .3335720E-01  -.1306454E-02   .5258136E-01
   .9236923E-01   .5175948E-01   .2659838E-01   .3783569E-01   .8896389E-01
   .9000214E-01   .5939143E-01   .8649632E-01   .5225240E-01  -.1938769E-01
  -.4719339E-01  -.1020574E+00  -.1629887E+00  -.1462429E+00  -.8344189E-01
   .3414287E-01   .1220324E+00   .3229279E-01  -.4843348E-01  -.7617049E-01
  -.1252772E+00  -.5853329E-01   .5304449E-01   .7944982E-01   .3482600E-01
  -.1628219E-01   .1242976E-01   .4044996E-01   .2808768E-02  -.3720483E-02
   .1801816E-01   .5660088E-01   .3785391E-01  -.6444243E-01  -.4948101E-01
   .1922974E-01  -.2668450E-01  -.6002591E-01   .8950084E-02   .8605035E-01
   .9132599E-01   .3459203E-01  -.5336462E-01  -.1545571E+00  -.1508022E+00
   .4818039E-02   .1583896E+00   .1469001E+00   .2317833E-01  -.5167473E-02
   .1366363E-01  -.5359007E-01  -.9448472E-01  -.7591395E-01  -.1091073E+00
  -.1123838E+00  -.1511611E-01   .5270867E-01   .5235780E-01   .5982961E-01
   .5589521E-01   .1917219E-01   .2672361E-01   .9782480E-01   .1154726E-01
   .1082471E-02   .1361882E+00  -.3954392E-01  -.8947133E-01   .4940332E-01
   .4161930E-01   .8048469E-01   .1515850E+00   .1855025E+00   .1275575E+00
  -.2943433E-01  -.1017921E+00  -.5703697E-01  -.2432167E-01   .6161653E-03
   .4202010E-01   .1384217E-01  -.4861644E-01   .4610066E-02   .2038858E-01
  -.2752224E-01  -.3967291E-01  -.4066707E-01  -.1355452E-01   .6541346E-03
  -.1936616E-01  -.5314958E-01  -.6315647E-01  -.3603887E-01   .1037334E-01
   .3218188E-01   .2734781E-01   .2737063E-02  -.1518749E-01  -.3448285E-01
  -.3690151E-01  -.8978269E-02  -.5780093E-01  -.6692966E-01   .1741468E-01
   .3904040E-01   .1620547E-01   .1771004E-01   .5286707E-01   .6493106E-01
  -.5457693E-02  -.5984024E-01  -.5699075E-01  -.5089192E-01  -.1655200E-01
   .2834647E-01   .4250717E-01  -.7757409E-02  -.2679594E-01   .5009804E-02
  -.9021848E-02  -.1426001E-01  -.8392872E-02   .1668049E-01   .3261423E-01
   .6322653E-02   .7775164E-02   .1820562E-01  -.2386406E-01  -.4731158E-01
   .4449932E-03   .2747249E-01  -.7336518E-02  -.3462614E-01  -.1373723E-01
  -.2593560E-01  -.4950954E-01  -.3868269E-01  -.6526683E-01  -.8949419E-01
  -.7438355E-01  -.4604864E-01  -.2748879E-01  -.4969792E-01  -.6479703E-01
  -.7252413E-01  -.9229152E-01  -.8080288E-01  -.5107078E-01  -.1826456E-01
  -.2086334E-01  -.5875520E-01  -.4867304E-01  -.2911701E-01  -.5507552E-01
  -.6143253E-01  -.3282285E-01   .3376579E-02   .2404072E-01   .2547134E-01
   .7345203E-01   .4080791E-01   .2912810E-02   .1846487E+00   .2625503E+00
   .9295145E-01  -.6963431E-01  -.7863831E-01   .3586577E-01   .1304143E+00
   .1815987E+00   .1552818E+00   .9386684E-01   .9628400E-01   .6565902E-01
  -.3504612E-02  -.1281709E-02   .6636140E-01   .3994419E-01  -.6942010E-01
  -.1156392E+00  -.1096034E+00  -.6738607E-01  -.2680432E-01   .2651323E-01
   .3481793E-01  -.5202452E-01  -.1104257E+00  -.9331006E-01  -.2153947E-01
   .2509750E-01   .3501020E-01   .5032021E-01   .8587643E-01   .8077084E-01
   .1803209E-01  -.3479396E-01  -.8178469E-01  -.5825984E-01  -.6679328E-02
  -.3315969E-01  -.1042401E+00  -.1486806E+00  -.1156681E+00  -.1765320E-01
  -.7473279E-02  -.1185236E+00  -.6845031E-01   .7852550E-01   .8366742E-01
   .4804535E-01   .4091794E-01   .4824588E-01   .2540829E-01  -.3445835E-02
   .4268375E-01   .1057546E+00   .1248166E+00   .1280930E+00   .1222428E+00
   .7963491E-01   .2304524E-01  -.4376023E-01  -.7962459E-01  -.9251763E-02
   .6843437E-01   .5967376E-01  -.5078719E-01  -.1401198E+00  -.9126369E-01
  -.3961301E-01  -.4564789E-01  -.4682282E-01  -.1855815E-01   .9766047E-02
  -.8429937E-02  -.5787483E-01  -.7765260E-01  -.6531570E-01  -.4054048E-01
  -.2706945E-01  -.2732911E-01  -.6203626E-02   .2377018E-01   .4653538E-01
   .4239882E-01   .2069162E-01   .4896949E-02  -.3140426E-01  -.5698420E-01
  -.2682253E-01   .3312286E-01   .6139600E-01   .3566713E-01   .1946861E-01
   .1725997E-01   .1623462E-01   .2695246E-01   .3831216E-01   .4702489E-01
   .2964700E-01  -.7470976E-02  -.2507593E-01   .1138466E-01   .6322892E-01
   .5492941E-01   .7470859E-02  -.1298050E-01  -.1407850E-01  -.1248994E-01
   .1692276E-01   .2442711E-01  -.1678611E-01  -.5181431E-01  -.3469112E-01
   .1178200E-01   .6572643E-02  -.2473852E-01  -.2012327E-01  -.2294317E-02
   .9655051E-02   .2868267E-01   .4012426E-01   .5676249E-02  -.2897138E-01
  -.1755705E-01  -.9618826E-03  -.5020455E-02  -.2562276E-01  -.1635039E-01
   .2374514E-01   .3235086E-01   .2902271E-01   .4837334E-01   .5737508E-01
   .5672819E-01   .6805393E-01   .4247160E-01  -.4475842E-01  -.9243354E-01
  -.3306157E-01   .1757080E-03   .1268827E-01   .7642112E-01   .6028604E-01
   .4218815E-03   .6171456E-02   .2754137E-01   .2628533E-01   .5295499E-01
   .3572701E-01  -.4639257E-01  -.4356653E-01   .1843408E-02   .2459528E-01
   .2624674E-01   .5955506E-02  -.1026096E-01  -.2121210E-01  -.3876451E-01
  -.4231696E-01  -.1451595E-02   .2231718E-01  -.1744542E-01  -.4903470E-01
  -.1790434E-01   .1001331E-01  -.1797716E-02  -.9137334E-02  -.1095342E-01
   .4795267E-02   .2888682E-01   .2604648E-02  -.2050478E-01  -.2591479E-02
   .1684847E-01   .2010899E-01   .5508840E-02   .3092115E-03   .1659072E-01
   .2717141E-01   .7137204E-02  -.1905244E-01  -.3003350E-01  -.2174723E-01
   .7842452E-02   .2568296E-01   .1364744E-01  -.1372121E-01  -.4046261E-01
  -.4631857E-01  -.2304836E-01  -.6549788E-04   .1083466E-01   .1645599E-01
  -.2744848E-02  -.4283058E-01  -.5729904E-01  -.2823196E-01  -.6033294E-02
  -.1536665E-02   .2179150E-01   .4042283E-01   .4125661E-01   .2790111E-01
  -.1975032E-01  -.5095820E-01  -.2592005E-01   .2830410E-02   .3067336E-02
   .8226633E-02   .2586891E-01   .1640561E-01  -.1327609E-01  -.3060384E-01
  -.3206784E-01  -.2570274E-01  -.1501388E-01  -.1626421E-01  -.1597601E-01
   .9850678E-02   .1576606E-01  -.5377793E-02  -.1702405E-01  -.1870784E-01
   .4115272E-02   .3478577E-01   .3667700E-01   .3624605E-01   .4172485E-01
   .2524529E-01  -.4782312E-02  -.3202054E-01  -.3281950E-01   .1692584E-01
   .5833814E-01   .3330139E-01  -.1932407E-01  -.3385566E-01  -.8510647E-02
   .1244763E-01   .9251700E-02  -.7864842E-02  -.1678475E-01  -.1577479E-01
  -.1809921E-01  -.1313049E-01   .1382085E-01   .3153981E-01   .1451679E-01
  -.1416261E-01  -.3401368E-01  -.3126805E-01  -.1512554E-01  -.7093385E-02
   .1513410E-02   .7451459E-02   .2705785E-03   .1830244E-02   .2070941E-01
   .1931738E-01   .3885837E-02   .3942101E-02   .3274174E-02  -.1104422E-01
  -.2484157E-01  -.2242468E-01  -.1000522E-01   .4691047E-02   .1321694E-01
   .1825084E-01   .2044361E-01   .1787050E-01   .1850977E-01   .1876746E-01
   .1524615E-01   .1585225E-01   .2132022E-01   .2500716E-01   .3341017E-01
   .3750697E-01   .1149054E-01  -.7518289E-02  -.3099972E-02  -.1982845E-01
  -.3309139E-01  -.3314274E-01  -.2886846E-01  -.5060680E-02   .3726421E-01
   .6667773E-01   .5567992E-01   .3383341E-01   .1789131E-01   .1818192E-01
   .3826214E-01   .5121790E-01   .2548062E-01  -.2596081E-02   .1020422E-01
   .2043416E-01   .1939491E-01   .1246370E-01  -.1136692E-01  -.1467680E-01
  -.6083255E-02  -.1734933E-01  -.3097515E-01  -.4902627E-01  -.6006066E-01
  -.5969511E-01  -.6994391E-01  -.7401885E-01  -.5397269E-01  -.1985186E-01
  -.5679858E-02  -.1875440E-01  -.2703983E-01  -.2486296E-01  -.2868884E-01
  -.5701734E-01  -.2990658E-01   .4759982E-01   .4104050E-01   .1724027E-01
   .3942937E-01   .5001094E-01   .3241467E-01   .1886054E-01   .1675891E-01
   .1389282E-01   .3163362E-01   .4369950E-01   .2808474E-01   .2191880E-01
   .3928576E-01   .4527604E-01   .2343064E-01   .1541625E-01   .3450531E-01
   .2952165E-01  -.3775278E-02  -.3007347E-01  -.3081412E-01  -.1755305E-01
  -.1076238E-01  -.1081097E-01  -.1203275E-01  -.9853937E-02  -.1394695E-01
  -.1627298E-01  -.1272173E-01  -.1972750E-01  -.2828452E-01  -.3133659E-01
  -.2002647E-01   .5242292E-03  -.5183172E-02  -.2499518E-01  -.2916400E-01
  -.2330634E-01  -.1467590E-01   .2052961E-02   .1623108E-01   .1158910E-01
   .2261556E-02  -.1226379E-02  -.9312256E-02  -.1006807E-01   .5986386E-02
   .1490985E-01  -.5746113E-02  -.2269841E-01  -.2907073E-02   .1621859E-01
   .1909638E-01   .1286570E-01  -.9263377E-02  -.2438092E-01  -.1506957E-01
   .3753511E-02  -.1091317E-01   .3363213E-01   .1037113E+00   .2817189E-01
  -.2912399E-01  -.1248974E-01  -.1542644E-01  -.4287325E-02   .3737491E-02
  -.8273255E-02  -.1715250E-01  -.1055331E-01   .1739447E-03   .3200645E-02
  -.1162525E-02  -.3087675E-02  -.3739698E-02  -.6384249E-03   .9017868E-02
   .1294102E-01   .1260460E-01   .6468682E-02   .3907930E-02   .1599864E-01
   .1257788E-01   .9660978E-03   .4797979E-02   .1031780E-01   .1140972E-02
  -.1045967E-01  -.1230728E-01  -.4728374E-02  -.1457808E-02  -.3049196E-01
  -.5845584E-01  -.5583404E-01  -.4551262E-01  -.3761178E-01  -.3344508E-01
  -.3107613E-01  -.3962961E-02   .2014509E-01   .6149251E-02  -.1637874E-02
   .6586999E-02   .9053187E-02   .5256008E-02  -.4276698E-02  -.8068290E-02
  -.8429039E-02  -.4458219E-02   .6286777E-02   .6023452E-02   .9265880E-02
   .1869942E-01   .1143197E-01  -.1407924E-01  -.3127111E-01  -.1505182E-01
  -.4754374E-02  -.1606668E-01  -.1652222E-01  -.1223358E-01  -.1515926E-01
  -.3300835E-01  -.4419910E-01  -.2234949E-01   .3036060E-02   .2148282E-01
   .2426192E-01  -.4731755E-02  -.2633274E-01  -.2463963E-01  -.2561335E-01
  -.2390531E-01  -.5750553E-02   .1169980E-02  -.1274735E-01  -.1913980E-01
  -.1747579E-01  -.1628469E-01  -.2133790E-01  -.3060327E-01  -.2715835E-01
  -.1089124E-01  -.2246596E-03  -.5535961E-02  -.1346220E-01  -.8496554E-02
  -.2471126E-02  -.1136586E-01  -.2377222E-01  -.2709944E-01  -.1633761E-01
  -.1332782E-01  -.1461240E-01  -.1388786E-02   .3173341E-02   .1282433E-01
   .2382091E-01   .1599158E-01   .7813521E-02   .1287300E-01   .2648472E-01
   .2360926E-01   .1556200E-01   .1851658E-01   .2093837E-01   .7957767E-02
  -.7025066E-02   .2917506E-02   .2171200E-01   .3543909E-01   .3330669E-01
   .1845143E-01   .1274064E-01   .1025162E-01   .1973330E-02   .2014427E-02
   .1831331E-01   .3423823E-01   .4407032E-01   .5111644E-01   .4763949E-01
   .3288063E-01   .1004973E-01   .1391969E-02   .1487180E-01   .2663665E-01
   .3080706E-01   .1914880E-01   .5285334E-02   .1865020E-01   .3425213E-01
   .2939954E-01   .2445490E-01   .3025322E-01   .3370311E-01   .1996955E-01
   .1069598E-01   .2226011E-01   .3087015E-01   .2322163E-01   .1692916E-01
   .2098914E-01   .2312037E-01   .2265200E-01   .2193213E-01   .1815323E-01
   .8538280E-02  -.8991691E-02  -.2037638E-01  -.1431978E-01  -.1120898E-01
  -.2193201E-01  -.2776110E-01  -.1957232E-01  -.1548361E-01  -.2344061E-01
  -.2630414E-01  -.1849230E-01  -.1359129E-01  -.1827510E-01  -.1737442E-01
  -.5915665E-02   .2503514E-02   .2331341E-02  -.4785767E-02  -.1067399E-01
  -.9669946E-02  -.5448597E-02  -.1774215E-02   .7500000E-03   .2335276E-02
   .3089699E-03  -.3361852E-02  -.5484923E-02  -.6410319E-02  -.4378555E-02
  -.2493487E-02  -.2257884E-02  -.4426431E-03  -.7711319E-03  -.4125627E-02
  -.7428391E-02  -.9040759E-02  -.6712221E-02  -.4817762E-02  -.5841729E-02
  -.6532604E-02  -.5950106E-02  -.5455835E-02  -.6717110E-02  -.7394365E-02
  -.5499359E-02  -.4184857E-02  -.4064192E-02  -.3790579E-02  -.4011017E-02
  -.4318787E-02  -.3816219E-02  -.2768481E-02  -.2023587E-02  -.1651379E-02
  -.1542773E-02  -.1657842E-02  -.1709673E-02  -.1507377E-02  -.1090148E-02
  -.7052686E-03  -.3809578E-03  -.1318498E-03   .6246003E-05   .8516319E-04
   .1762251E-03   .2858340E-03
